Total Generations, Worst Fitness, Best Fitness, Median Fitness, Mean Fitness, Kill Count
1,19.702259622588624,2.629712856867666,12.377630481105314,11.03901404025726,0
2,16.429877672998128,1.0413018392737277,6.136590550456324,6.696265733512021,0
3,7.698874536539313,0.8240454941434772,3.1546178168976717,3.2555420607234664,0
4,16.483374845234387,0.8240454941434772,2.411586360490584,2.949926550561804,0
5,11.551450621869334,0.406362658035496,1.0413018392737277,1.9428148604746753,0
6,19.2819726165147,0.406362658035496,1.0413018392737277,2.5611334673861847,0
7,13.649659691106647,0.44095972848237475,0.8240454941434772,1.4502101180890754,0
8,10.64522663771818,0.44095972848237475,0.44095972848237475,0.7509785620490559,0
9,20.878011473925657,0.44095972848237475,0.44095972848237475,2.1760988682312687,0
10,18.34396910551804,0.44095972848237475,0.44095972848237475,1.3996406811763984,0
11,10.25993408147238,0.44095972848237475,0.44095972848237475,0.7887762857239086,0
12,12.456188201651816,0.44095972848237475,0.44095972848237475,1.237081249947861,0
13,11.320599760982462,0.44095972848237475,0.44095972848237475,1.033307314711167,0
14,20.263394176447843,0.44095972848237475,0.44095972848237475,1.997741067661882,0
15,12.181247567647972,0.44095972848237475,0.44095972848237475,1.134583078320579,0
16,7.2410538720975115,0.44095972848237475,0.44095972848237475,0.7021588553537543,0
17,9.617431924897875,0.44095972848237475,0.44095972848237475,0.7008855638762013,0
18,18.56012911295356,0.44095972848237475,0.44095972848237475,1.5131396180334764,0
19,21.567652567802572,0.44095972848237475,0.44095972848237475,2.788461241157912,0
20,9.945053786579248,0.03356790455608172,0.44095972848237475,0.9411386479546178,0
21,15.525142488460585,0.03356790455608172,0.44095972848237475,1.146804371109099,0
22,18.34052326777909,0.03356790455608172,0.44095972848237475,1.7670695150454034,0
23,18.63925830404739,0.18761774471605408,0.44095972848237475,1.8147540120847403,0
24,19.316698352594283,0.18761774471605408,0.44095972848237475,2.446713633160329,0
25,11.874955803742495,0.18761774471605408,0.44095972848237475,0.9187238227884936,0
26,19.16237866180448,0.18761774471605408,0.30452436575190767,1.997365856083885,0
27,5.325372365339886,0.18761774471605408,0.18761774471605408,0.5357146167106641,0
28,20.24536556695519,0.18761774471605408,0.18761774471605408,1.538362284820857,0
29,19.100162772008762,0.18761774471605408,0.18761774471605408,1.6998622021217584,0
30,18.36191168293928,0.18761774471605408,0.18761774471605408,1.686164334636225,0
31,13.84100412477749,0.18761774471605408,0.18761774471605408,0.7225734435098913,0
32,19.577574614387657,0.18761774471605408,0.18761774471605408,1.2486672725551469,0
33,19.1825491135929,0.18761774471605408,0.18761774471605408,2.2233594291008068,0
34,18.768477746503535,0.18761774471605408,0.18761774471605408,2.720003563472433,0
35,21.61680678223406,0.18761774471605408,0.18761774471605408,3.152800980398306,0
36,16.209706851312422,0.18761774471605408,0.18761774471605408,2.0151006986118656,0
37,19.43008621298565,0.18761774471605408,0.18761774471605408,1.651175492222863,0
38,19.105074253807953,0.18761774471605408,0.18761774471605408,1.3800999977816715,0
39,19.165663627534443,0.169960758085276,0.18761774471605408,2.3721384694793377,0
40,20.101089911463536,0.0024163737941829133,0.18761774471605408,1.7358638035299048,0
41,13.688064185510948,0.0024163737941829133,0.18761774471605408,0.8297165759527637,0
42,11.931083606561605,0.0024163737941829133,0.18761774471605408,0.6196877439655119,0
43,0.18761774471605408,0.0024163737941829133,0.052879106882927296,0.06857621739587555,0
44,8.217886576567166,0.0024163737941829133,0.004092310885735806,0.5395194673419724,0
45,1.465000696827328,0.0024163737941829133,0.0024163737941829133,0.040420332756176076,0
46,5.726961180404125,0.0024163737941829133,0.0024163737941829133,0.14552999395943145,0
47,19.126635071160543,0.0024163737941829133,0.0024163737941829133,2.9787677495889597,0
48,17.037953475410973,0.0024163737941829133,0.0024163737941829133,1.9934663452961174,0
49,4.321169042955643,0.0024163737941829133,0.0024163737941829133,0.20295550219725006,0
50,0.0024163737941829133,0.0024163737941829133,0.0024163737941829133,0.0024163737941829133,0
51,18.497321808197967,0.0024163737941829133,0.0024163737941829133,1.5655600100883158,0
52,10.282219714657954,0.0024163737941829133,0.0024163737941829133,0.8039893918612515,0
53,6.313014751807161,0.0024163737941829133,0.0024163737941829133,0.3388263159161468,0
54,19.185360351135827,0.0024163737941829133,0.0024163737941829133,0.816499614167981,0
55,14.474599928362991,0.0024163737941829133,0.0024163737941829133,1.0366350402120585,0
56,16.18832511861452,0.0024163737941829133,0.0024163737941829133,1.073719872783741,0
57,11.840617439767492,0.0024163737941829133,0.0024163737941829133,0.49068999288717163,0
58,9.744696890039497,0.0024163737941829133,0.0024163737941829133,0.7648994873972128,0
59,6.3062974565530485,0.0024163737941829133,0.0024163737941829133,0.2207596565781374,0
60,19.53687828527911,0.0024163737941829133,0.0024163737941829133,1.4193601303770658,0
61,18.732268419428273,0.0024163737941829133,0.0024163737941829133,2.68711236091219,0
62,20.87111314259926,0.0024163737941829133,0.0024163737941829133,1.887248520054969,0
63,19.202494558457648,0.0024163737941829133,0.0024163737941829133,1.7151420059558877,0
64,21.263501264970646,0.0024163737941829133,0.0024163737941829133,2.0835069897796368,0
65,18.538680019479695,0.0024163737941829133,0.0024163737941829133,2.1174907380513783,0
66,15.863783634730185,0.0024163737941829133,0.0024163737941829133,0.7719096735748812,0
67,20.139805802122805,0.0024163737941829133,0.0024163737941829133,0.5058511095023984,0
68,16.82841118665966,0.0024163737941829133,0.0024163737941829133,1.2234385694532206,0
69,20.016623816715985,0.0024163737941829133,0.0024163737941829133,2.04345664074752,0
70,4.9374662819309165,0.0024163737941829133,0.0024163737941829133,0.2676559287022121,0
71,18.34428813285136,0.0024163737941829133,0.0024163737941829133,0.6630558420816002,0
72,1.9692553058786215,0.0024163737941829133,0.0024163737941829133,0.11996386642481338,0
73,20.031994663319505,0.0024163737941829133,0.0024163737941829133,1.6953915582849615,0
74,20.388970124223288,0.0024163737941829133,0.0024163737941829133,1.1529878628493913,0
75,21.34323524737442,0.0024163737941829133,0.0024163737941829133,1.4271155950273102,0
76,16.674116833638365,0.0024163737941829133,0.0024163737941829133,1.3290076117420055,0
77,19.20719238735574,0.0024163737941829133,0.0024163737941829133,1.198133340797178,0
78,16.00778108197835,0.0024163737941829133,0.0024163737941829133,0.9183387790295786,0
79,18.43290703682917,0.0024163737941829133,0.0024163737941829133,1.869781054519517,0
80,18.02442519886206,0.0024163737941829133,0.0024163737941829133,0.4529665944208798,0
81,10.593021520894686,0.0024163737941829133,0.0024163737941829133,0.43365437383448163,0
82,6.345610477262246,0.0024163737941829133,0.0024163737941829133,0.326702090100226,0
83,14.478736080564378,0.0024163737941829133,0.0024163737941829133,0.871004123759586,0
84,4.129810881719975,0.0024163737941829133,0.0024163737941829133,0.10560123649232771,0
85,0.0024163737941829133,0.0024163737941829133,0.0024163737941829133,0.0024163737941829133,0
86,12.488315825438258,0.0024163737941829133,0.0024163737941829133,1.1839206951689767,0
87,2.633666655163098,0.0024163737941829133,0.0024163737941829133,0.06819763082840578,0
88,18.06296044566822,0.0024163737941829133,0.0024163737941829133,1.7564573381533428,0
89,14.820398631358424,0.0024163737941829133,0.0024163737941829133,1.7152061502620115,0
90,12.14772434669205,0.0024163737941829133,0.0024163737941829133,0.8365789637232363,0
91,15.113393784321765,0.0024163737941829133,0.0024163737941829133,0.606367726943122,0
92,18.212783110921364,0.0024163737941829133,0.0024163737941829133,2.5282447204219762,0
93,18.389960246890148,0.0024163737941829133,0.0024163737941829133,1.3920774409056438,0
94,12.306260787047554,0.0024163737941829133,0.0024163737941829133,0.9216044741915373,0
95,10.705649351603308,0.0024163737941829133,0.0024163737941829133,0.3009514295363339,0
96,6.260426091102933,0.0024163737941829133,0.0024163737941829133,0.43945597066679865,0
97,19.097187967873747,0.0024163737941829133,0.0024163737941829133,0.47978566364617203,0
98,20.31008340207362,0.0024163737941829133,0.0024163737941829133,0.8328480835400451,0
99,2.751351212476726,0.0024163737941829133,0.0024163737941829133,0.1363310904126043,0
100,12.698614885225037,0.0024163737941829133,0.0024163737941829133,0.47649791562191474,0
