Total Generations, Worst Fitness, Best Fitness, Median Fitness, Mean Fitness, Kill Count
1,84.54369108321679,6.451008980092197,67.04207890463874,57.94184641494064,0
2,110.0359943954715,6.451008980092197,37.64729551897717,39.20862702395391,0
3,73.37372882479492,4.839114559580912,15.79038697539981,21.007859860079556,0
4,29.707930940953947,3.7015266453512385,14.540016534954182,12.300675838717202,0
5,100.46307672093513,3.7015266453512385,6.451008980092197,13.138139958510774,0
6,71.9049298786596,3.7015266453512385,4.839114559580912,9.879930573652526,0
7,19.26661114755712,3.18710917010532,4.159973832088509,5.085671434843493,0
8,73.21413846999235,2.838782241293127,3.7015266453512385,5.57153167189089,0
9,52.04669202123673,2.381950962515087,3.6092289384086267,6.080664641661288,0
10,62.337982929944474,2.103995137685311,3.4668949344320983,9.51329144661314,0
11,46.79961087496278,2.0986727032892585,2.9989751906148796,6.210207527692717,0
12,43.93335527600579,1.9603776957272672,2.838782241293127,4.621963943225837,0
13,98.33543456616698,1.9603776957272672,2.3089506765017074,8.310308146474128,0
14,84.06645555179293,1.9603776957272672,2.2814257094549095,8.116703309386935,0
15,84.73754378120054,1.9603776957272672,2.0986727032892585,7.197857136588051,0
16,53.703043569788036,1.9603776957272672,2.02288216195357,5.58119087611522,0
17,64.35796205859546,1.9603776957272672,1.997606751935581,7.743348116453248,0
18,28.85119963812828,1.9603776957272672,1.9603776957272672,4.773803984678662,0
19,83.99562604122251,1.9603776957272672,1.9603776957272672,6.468569186588477,0
20,66.95838586247712,1.9603776957272672,1.9603776957272672,7.2315988512265195,0
21,29.059469014460063,1.9603776957272672,1.9603776957272672,4.524541499366756,0
22,49.19591074176392,1.9603776957272672,1.9603776957272672,3.1412660218781836,0
23,28.608188790675825,1.7185687438930435,1.9603776957272672,2.6205277493051256,0
24,32.541003996465044,1.71182837518387,1.9603776957272672,2.8858633816246013,0
25,52.247490755458614,1.5886771096970338,1.9603776957272672,6.92071859936465,0
26,52.09148493161225,1.5774827394279127,1.9603776957272672,7.685276890070853,0
27,127.11564589453356,1.5886771096970338,1.8204282785734984,7.107948447476199,0
28,86.80466939350659,1.574511090024216,1.71182837518387,7.026151666614058,0
29,47.32394260429726,1.2898523978849588,1.6345779855583817,5.314974447073467,0
30,36.394405822980026,1.2898523978849588,1.5886771096970338,4.235187852755653,0
31,14.940585436967043,1.2898523978849588,1.5849391928171517,2.5253428950691754,0
32,75.58210340313036,1.2898523978849588,1.575238621040475,7.2806948357460595,0
33,70.56778346290217,1.2898523978849588,1.3945598824793126,9.33200033189225,0
34,92.8285267167088,1.0171934749880933,1.3938074020815663,7.116854057758324,0
35,52.69426945248267,1.2898523978849588,1.3323308506750493,5.5842289461216,0
36,74.58430468921986,1.2898523978849588,1.2898523978849588,4.673915052129641,0
37,49.90746761285777,1.2898523978849588,1.2898523978849588,6.519338149950196,0
38,37.90004613304416,1.1751667412118065,1.2898523978849588,4.012232105943438,0
39,56.93052865657865,0.8751018853750833,1.2898523978849588,3.6903825136741517,0
40,58.80332165430565,0.8751018853750833,1.2898523978849588,4.729321630867972,0
41,63.81819250590169,0.5694728878106048,1.2898523978849588,3.398912806928088,0
42,91.05685340230362,0.8745162903528904,0.9699000532128406,5.218535878722709,0
43,50.29112821763178,0.8751018853750833,0.8751018853750833,3.524828541529883,0
44,52.126369877791944,0.8751018853750833,0.8751018853750833,3.2081965190514765,0
45,44.31966716622621,0.8751018853750833,0.8751018853750833,6.418710358138105,0
46,11.446547518349034,0.8751018853750833,0.8751018853750833,1.772397059931782,0
47,47.84635385507048,0.8751018853750833,0.8751018853750833,4.526672537357926,0
48,15.94801768099531,0.8751018853750833,0.8751018853750833,2.026461543433899,0
49,42.58214352355884,0.8751018853750833,0.8751018853750833,3.8754715409350604,0
50,85.68073367949656,0.8751018853750833,0.8751018853750833,6.81808030354042,0
51,11.582968518317362,0.8751018853750833,0.8751018853750833,1.4670034987820344,0
52,64.32583965554807,0.8751018853750833,0.8751018853750833,6.071918371228484,0
53,95.3052793799501,0.8751018853750833,0.8751018853750833,8.134544118977283,0
54,48.14565363262067,0.8751018853750833,0.8751018853750833,6.335161604303229,0
55,54.53175554679074,0.8751018853750833,0.8751018853750833,3.497048932382877,0
56,68.70191770802265,0.8751018853750833,0.8751018853750833,7.489416626427112,0
57,59.52096506790305,0.8751018853750833,0.8751018853750833,4.019915444815029,0
58,40.88435319911533,0.8751018853750833,0.8751018853750833,2.0911189772577017,0
59,27.656673061560475,0.7866551396516847,0.8751018853750833,2.1359685957577703,0
60,39.73072826085602,0.7866551396516847,0.8751018853750833,2.9578351819585373,0
61,62.459350977479986,0.7866551396516847,0.8751018853750833,6.81627457299612,0
62,53.299033661621806,0.7866551396516847,0.8633379605537255,4.635392978958579,0
63,59.03553243505857,0.7866551396516847,0.7866551396516847,6.809767421096876,0
64,51.53898026795544,0.7866551396516847,0.7866551396516847,6.973510551785877,0
65,27.910293597353807,0.7866551396516847,0.7866551396516847,1.5398033699231821,0
66,62.4330893803812,0.7866551396516847,0.7866551396516847,5.138308326095145,0
67,73.75059285881562,0.7866551396516847,0.7866551396516847,7.497758747095409,0
68,41.347480553118224,0.7866551396516847,0.7866551396516847,3.868070538783961,0
69,107.72472765815093,0.7866551396516847,0.7866551396516847,6.140379033641992,0
70,39.330267026203444,0.7866551396516847,0.7866551396516847,5.102032749687709,0
71,73.2400019433573,0.7866551396516847,0.7866551396516847,7.066728257540274,0
72,76.07255738573338,0.7866551396516847,0.7866551396516847,6.525133580320222,0
73,70.66483679305068,0.7866551396516847,0.7866551396516847,5.5033206926768425,0
74,26.580801892404267,0.7866551396516847,0.7866551396516847,2.0255982869210487,0
75,70.0292784127347,0.6756726537661955,0.7866551396516847,7.799244646002039,0
76,77.2577528298269,0.6756726537661955,0.7866551396516847,5.360097092012671,0
77,52.407304004711705,0.6756726537661955,0.7866551396516847,4.468188172704272,0
78,42.398645136964696,0.417966315252182,0.7866551396516847,3.813232303037337,0
79,70.23835380712758,0.4069039232140769,0.6756726537661955,6.625566137430627,0
80,72.45691730859765,0.4069039232140769,0.6756726537661955,5.192700475504247,0
81,54.151795820718526,0.4069039232140769,0.46852008914499915,7.968275738409166,0
82,62.2165286033744,0.4051842855011608,0.417966315252182,5.6328509044369515,0
83,46.94058425633949,0.3990798769111363,0.4069039232140769,3.149803853227332,0
84,45.99884981935326,0.3899621285301485,0.4069039232140769,4.02002137695251,0
85,26.223511093383394,0.35177548119028784,0.4051842855011608,2.378016771704472,0
86,40.9865618683683,0.3510653302622599,0.3990798769111363,4.835320066244066,0
87,46.33859533714841,0.3510653302622599,0.3899621285301485,4.883340250144391,0
88,75.57640015038528,0.3510653302622599,0.3640824995558259,4.7491128804999105,0
89,59.83438831839254,0.3510653302622599,0.3545986605670009,3.2246368407109207,0
90,68.22378439243944,0.3510653302622599,0.3531859338434732,6.693164199310483,0
91,74.48085792834776,0.3510653302622599,0.3515588167717905,5.120017676260671,0
92,61.34316090558828,0.3510653302622599,0.3510653302622599,2.5640537217223174,0
93,25.024155861736652,0.3510653302622599,0.3510653302622599,1.623247340887811,0
94,56.4444755972727,0.3510653302622599,0.3510653302622599,2.7469684847546443,0
95,94.57095291063818,0.3510653302622599,0.3510653302622599,6.598109102321969,0
96,104.11917243130169,0.3510653302622599,0.3510653302622599,4.222237474489278,0
97,104.67756423090592,0.3510653302622599,0.3510653302622599,9.569058470788246,0
98,63.19172334932922,0.3510653302622599,0.3510653302622599,7.177539682332542,0
99,64.09559249867979,0.3510653302622599,0.3510653302622599,3.4005130328000135,0
100,47.107689607661555,0.3510653302622599,0.3510653302622599,4.408221587821644,0
